GROUP,PACKAGE,CLASS,INSTRUCTION_MISSED,INSTRUCTION_COVERED,BRANCH_MISSED,BRANCH_COVERED,LINE_MISSED,LINE_COVERED,COMPLEXITY_MISSED,COMPLEXITY_COVERED,METHOD_MISSED,METHOD_COVERED
JaCoCo Coverage Report,com.fasterxml.jackson.databind.deser.impl,PropertyBasedObjectIdGenerator,34,0,4,0,8,0,7,0,5,0
JaCoCo Coverage Report,com.fasterxml.jackson.databind.deser.impl,ObjectIdReferenceProperty.PropertyReferring,36,0,2,0,8,0,3,0,2,0
JaCoCo Coverage Report,com.fasterxml.jackson.databind.deser.impl,CreatorCollector.StdTypeConstructor,160,0,16,0,38,0,32,0,23,0
JaCoCo Coverage Report,com.fasterxml.jackson.databind.deser.impl,ReadableObjectId,100,0,12,0,27,0,17,0,11,0
JaCoCo Coverage Report,com.fasterxml.jackson.databind.deser.impl,PropertyValue.Map,17,0,0,0,5,0,2,0,2,0
JaCoCo Coverage Report,com.fasterxml.jackson.databind.deser.impl,ObjectIdValueProperty,120,0,8,0,33,0,15,0,11,0
JaCoCo Coverage Report,com.fasterxml.jackson.databind.deser.impl,FailingDeserializer,15,0,0,0,5,0,2,0,2,0
JaCoCo Coverage Report,com.fasterxml.jackson.databind.deser.impl,PropertyValue,9,0,0,0,4,0,1,0,1,0
JaCoCo Coverage Report,com.fasterxml.jackson.databind.deser.impl,PropertyBasedCreator,162,0,16,0,36,0,15,0,7,0
JaCoCo Coverage Report,com.fasterxml.jackson.databind.deser.impl,ExternalTypeHandler,573,0,68,0,130,0,43,0,9,0
JaCoCo Coverage Report,com.fasterxml.jackson.databind.deser.impl,ObjectIdReferenceProperty,135,0,10,0,34,0,18,0,13,0
JaCoCo Coverage Report,com.fasterxml.jackson.databind.deser.impl,ValueInjector,39,0,0,0,8,0,4,0,4,0
JaCoCo Coverage Report,com.fasterxml.jackson.databind.deser.impl,SetterlessProperty,150,0,8,0,42,0,16,0,12,0
JaCoCo Coverage Report,com.fasterxml.jackson.databind.deser.impl,PropertyBasedCreator.CaseInsensitiveMap,21,0,0,0,5,0,3,0,3,0
JaCoCo Coverage Report,com.fasterxml.jackson.databind.deser.impl,BeanPropertyMap,1042,0,138,0,226,0,96,0,27,0
JaCoCo Coverage Report,com.fasterxml.jackson.databind.deser.impl,BeanAsArrayBuilderDeserializer,531,0,64,0,137,0,45,0,13,0
JaCoCo Coverage Report,com.fasterxml.jackson.databind.deser.impl,ReadableObjectId.Referring,32,0,0,0,11,0,5,0,5,0
JaCoCo Coverage Report,com.fasterxml.jackson.databind.deser.impl,CreatorCollector,541,0,68,0,116,0,60,0,26,0
JaCoCo Coverage Report,com.fasterxml.jackson.databind.deser.impl,FieldProperty,167,0,6,0,51,0,17,0,14,0
JaCoCo Coverage Report,com.fasterxml.jackson.databind.deser.impl,TypeWrappedDeserializer,51,0,0,0,12,0,9,0,9,0
JaCoCo Coverage Report,com.fasterxml.jackson.databind.deser.impl,ExternalTypeHandler.ExtTypedProperty,54,0,4,0,16,0,10,0,8,0
JaCoCo Coverage Report,com.fasterxml.jackson.databind.deser.impl,ExternalTypeHandler.Builder,103,0,4,0,19,0,6,0,4,0
JaCoCo Coverage Report,com.fasterxml.jackson.databind.deser.impl,PropertyValue.Regular,15,0,0,0,5,0,2,0,2,0
JaCoCo Coverage Report,com.fasterxml.jackson.databind.deser.impl,BeanAsArrayDeserializer,497,0,64,0,136,0,44,0,12,0
JaCoCo Coverage Report,com.fasterxml.jackson.databind.deser.impl,ErrorThrowingDeserializer,9,0,0,0,4,0,2,0,2,0
JaCoCo Coverage Report,com.fasterxml.jackson.databind.deser.impl,UnwrappedPropertyHandler,103,0,8,0,27,0,9,0,5,0
JaCoCo Coverage Report,com.fasterxml.jackson.databind.deser.impl,PropertyValueBuffer,370,67,51,9,66,17,38,5,11,2
JaCoCo Coverage Report,com.fasterxml.jackson.databind.deser.impl,ObjectIdReader,22,52,0,0,5,12,5,4,5,4
JaCoCo Coverage Report,com.fasterxml.jackson.databind.deser.impl,ManagedReferenceProperty,237,0,24,0,50,0,24,0,12,0
JaCoCo Coverage Report,com.fasterxml.jackson.databind.deser.impl,MethodProperty,193,0,8,0,48,0,18,0,14,0
JaCoCo Coverage Report,com.fasterxml.jackson.databind.deser.impl,InnerClassProperty,227,0,12,0,51,0,24,0,18,0
JaCoCo Coverage Report,com.fasterxml.jackson.databind.deser.impl,PropertyValue.Any,20,0,0,0,6,0,2,0,2,0
JaCoCo Coverage Report,com.fasterxml.jackson.databind.ser.impl,SimpleBeanPropertyFilter.FilterExceptFilter,18,0,0,0,5,0,3,0,3,0
JaCoCo Coverage Report,com.fasterxml.jackson.databind.ser.impl,MapEntrySerializer,483,0,60,0,119,0,45,0,15,0
JaCoCo Coverage Report,com.fasterxml.jackson.databind.ser.impl,StringArraySerializer,253,0,42,0,65,0,36,0,15,0
JaCoCo Coverage Report,com.fasterxml.jackson.databind.ser.impl,ReadOnlyClassToSerializerMap.Bucket,67,0,16,0,11,0,13,0,5,0
JaCoCo Coverage Report,com.fasterxml.jackson.databind.ser.impl,FilteredBeanPropertyWriter.SingleView,93,0,12,0,23,0,13,0,7,0
JaCoCo Coverage Report,com.fasterxml.jackson.databind.ser.impl,ReadOnlyClassToSerializerMap,225,0,38,0,55,0,27,0,8,0
JaCoCo Coverage Report,com.fasterxml.jackson.databind.ser.impl,PropertySerializerMap.TypeAndSerializer,9,0,0,0,4,0,1,0,1,0
JaCoCo Coverage Report,com.fasterxml.jackson.databind.ser.impl,FilteredBeanPropertyWriter.MultiView,145,0,24,0,38,0,19,0,7,0
JaCoCo Coverage Report,com.fasterxml.jackson.databind.ser.impl,WritableObjectId,78,0,14,0,22,0,11,0,4,0
JaCoCo Coverage Report,com.fasterxml.jackson.databind.ser.impl,TypeWrappedSerializer,34,0,0,0,11,0,6,0,6,0
JaCoCo Coverage Report,com.fasterxml.jackson.databind.ser.impl,PropertySerializerMap.Double,69,0,4,0,16,0,5,0,3,0
JaCoCo Coverage Report,com.fasterxml.jackson.databind.ser.impl,SimpleBeanPropertyFilter,145,0,18,0,40,0,27,0,18,0
JaCoCo Coverage Report,com.fasterxml.jackson.databind.ser.impl,UnwrappingBeanPropertyWriter,266,0,38,0,74,0,29,0,10,0
JaCoCo Coverage Report,com.fasterxml.jackson.databind.ser.impl,PropertySerializerMap.Single,30,0,2,0,8,0,4,0,3,0
JaCoCo Coverage Report,com.fasterxml.jackson.databind.ser.impl,PropertySerializerMap.Multi,73,0,8,0,16,0,7,0,3,0
JaCoCo Coverage Report,com.fasterxml.jackson.databind.ser.impl,StringCollectionSerializer,189,0,24,0,56,0,23,0,11,0
JaCoCo Coverage Report,com.fasterxml.jackson.databind.ser.impl,SimpleBeanPropertyFilter.new PropertyFilter() {...},35,0,0,0,8,0,5,0,5,0
JaCoCo Coverage Report,com.fasterxml.jackson.databind.ser.impl,SimpleFilterProvider,198,0,16,0,47,0,24,0,16,0
JaCoCo Coverage Report,com.fasterxml.jackson.databind.ser.impl,PropertySerializerMap,141,0,0,0,25,0,14,0,14,0
JaCoCo Coverage Report,com.fasterxml.jackson.databind.ser.impl,SimpleBeanPropertyFilter.SerializeExceptFilter,37,0,4,0,9,0,7,0,5,0
JaCoCo Coverage Report,com.fasterxml.jackson.databind.ser.impl,PropertySerializerMap.Empty,24,0,0,0,6,0,4,0,4,0
JaCoCo Coverage Report,com.fasterxml.jackson.databind.ser.impl,PropertySerializerMap.SerializerAndMapResult,9,0,0,0,4,0,1,0,1,0
JaCoCo Coverage Report,com.fasterxml.jackson.databind.ser.impl,AttributePropertyWriter,48,0,0,0,11,0,6,0,6,0
JaCoCo Coverage Report,com.fasterxml.jackson.databind.ser.impl,IteratorSerializer,140,0,24,0,38,0,20,0,8,0
JaCoCo Coverage Report,com.fasterxml.jackson.databind.ser.impl,UnwrappingBeanSerializer,142,0,10,0,37,0,18,0,13,0
JaCoCo Coverage Report,com.fasterxml.jackson.databind.ser.impl,FilteredBeanPropertyWriter,21,0,2,0,4,0,3,0,2,0
JaCoCo Coverage Report,com.fasterxml.jackson.databind.ser.impl,PropertyBasedObjectIdGenerator,94,0,10,0,21,0,12,0,7,0
JaCoCo Coverage Report,com.fasterxml.jackson.databind.ser.impl,UnknownSerializer,60,0,4,0,21,0,10,0,8,0
JaCoCo Coverage Report,com.fasterxml.jackson.databind.ser.impl,UnwrappingBeanPropertyWriter.new JsonFormatVisitorWrapper.Base() {...},13,0,0,0,2,0,2,0,2,0
JaCoCo Coverage Report,com.fasterxml.jackson.databind.ser.impl,ObjectIdWriter,81,0,6,0,15,0,8,0,5,0
JaCoCo Coverage Report,com.fasterxml.jackson.databind.ser.impl,BeanAsArraySerializer,246,0,30,0,60,0,29,0,14,0
JaCoCo Coverage Report,com.fasterxml.jackson.databind.ser.impl,FailingSerializer,17,0,0,0,7,0,4,0,4,0
JaCoCo Coverage Report,com.fasterxml.jackson.databind.ser.impl,IndexedStringListSerializer,188,0,22,0,53,0,22,0,11,0
JaCoCo Coverage Report,com.fasterxml.jackson.databind.ser.impl,IndexedListSerializer,307,0,46,0,84,0,33,0,10,0
JaCoCo Coverage Report,com.fasterxml.jackson.databind.jsonschema,JsonSchema,60,0,10,0,16,0,11,0,6,0
JaCoCo Coverage Report,com.fasterxml.jackson.databind,PropertyNamingStrategy.KebabCaseStrategy,69,3,14,0,18,1,8,1,1,1
JaCoCo Coverage Report,com.fasterxml.jackson.databind,SerializationConfig,1674,0,134,0,302,0,139,0,72,0
JaCoCo Coverage Report,com.fasterxml.jackson.databind,PropertyName,245,66,60,10,55,15,45,9,14,5
JaCoCo Coverage Report,com.fasterxml.jackson.databind,PropertyNamingStrategy,8,28,0,0,4,8,4,2,4,2
JaCoCo Coverage Report,com.fasterxml.jackson.databind,BeanDescription,19,0,0,0,7,0,5,0,5,0
JaCoCo Coverage Report,com.fasterxml.jackson.databind,SequenceWriter,393,0,56,0,108,0,42,0,14,0
JaCoCo Coverage Report,com.fasterxml.jackson.databind,ObjectMapper,2926,0,176,0,601,0,300,0,212,0
JaCoCo Coverage Report,com.fasterxml.jackson.databind,DeserializationConfig,1420,139,124,0,235,38,128,5,66,5
JaCoCo Coverage Report,com.fasterxml.jackson.databind,DatabindContext,166,0,26,0,40,0,19,0,6,0
JaCoCo Coverage Report,com.fasterxml.jackson.databind,ObjectWriter,1239,0,96,0,256,0,136,0,88,0
JaCoCo Coverage Report,com.fasterxml.jackson.databind,BeanProperty.Std,172,0,22,0,43,0,28,0,17,0
JaCoCo Coverage Report,com.fasterxml.jackson.databind,InjectableValues,3,0,0,0,1,0,1,0,1,0
JaCoCo Coverage Report,com.fasterxml.jackson.databind,ObjectMapper.new PrivilegedAction() {...},22,0,2,0,3,0,3,0,2,0
JaCoCo Coverage Report,com.fasterxml.jackson.databind,ObjectMapper.new Module.SetupContext() {...},256,0,0,0,55,0,28,0,28,0
JaCoCo Coverage Report,com.fasterxml.jackson.databind,PropertyNamingStrategy.PascalCaseStrategy,3,0,0,0,1,0,1,0,1,0
JaCoCo Coverage Report,com.fasterxml.jackson.databind,PropertyMetadata,252,0,56,0,47,0,47,0,19,0
JaCoCo Coverage Report,com.fasterxml.jackson.databind,KeyDeserializer,3,0,0,0,1,0,1,0,1,0
JaCoCo Coverage Report,com.fasterxml.jackson.databind,DeserializationContext,1677,0,178,0,344,0,171,0,82,0
JaCoCo Coverage Report,com.fasterxml.jackson.databind,JsonMappingException,351,0,30,0,80,0,46,0,31,0
JaCoCo Coverage Report,com.fasterxml.jackson.databind,ObjectMapper.DefaultTyping,44,0,0,0,5,0,1,0,1,0
JaCoCo Coverage Report,com.fasterxml.jackson.databind,MappingIterator,322,0,55,0,92,0,48,0,19,0
JaCoCo Coverage Report,com.fasterxml.jackson.databind,MapperFeature,9,255,2,0,1,28,2,4,1,4
JaCoCo Coverage Report,com.fasterxml.jackson.databind,ObjectWriter.Prefetch,152,0,26,0,33,0,20,0,7,0
JaCoCo Coverage Report,com.fasterxml.jackson.databind,JsonDeserializer,77,0,0,0,17,0,15,0,15,0
JaCoCo Coverage Report,com.fasterxml.jackson.databind,ObjectMapper.DefaultTypeResolverBuilder,99,0,28,0,21,0,19,0,4,0
JaCoCo Coverage Report,com.fasterxml.jackson.databind,PropertyNamingStrategy.UpperCamelCaseStrategy,31,3,6,0,9,1,4,1,1,1
JaCoCo Coverage Report,com.fasterxml.jackson.databind,SerializationFeature,286,0,2,0,31,0,6,0,5,0
JaCoCo Coverage Report,com.fasterxml.jackson.databind,Module,7,0,0,0,2,0,2,0,2,0
JaCoCo Coverage Report,com.fasterxml.jackson.databind,BeanProperty,7,0,0,0,2,0,1,0,1,0
JaCoCo Coverage Report,com.fasterxml.jackson.databind,JsonSerializer.None,3,0,0,0,1,0,1,0,1,0
JaCoCo Coverage Report,com.fasterxml.jackson.databind,KeyDeserializer.None,3,0,0,0,1,0,1,0,1,0
JaCoCo Coverage Report,com.fasterxml.jackson.databind,JsonMappingException.Reference,170,0,16,0,45,0,21,0,13,0
JaCoCo Coverage Report,com.fasterxml.jackson.databind,PropertyNamingStrategy.PropertyNamingStrategyBase,16,3,0,0,4,1,4,1,4,1
JaCoCo Coverage Report,com.fasterxml.jackson.databind,JsonSerializable.Base,5,0,0,0,2,0,2,0,2,0
JaCoCo Coverage Report,com.fasterxml.jackson.databind,ObjectWriter.GeneratorSettings,191,0,36,0,43,0,26,0,8,0
JaCoCo Coverage Report,com.fasterxml.jackson.databind,ObjectReader,2031,0,162,0,406,0,205,0,124,0
JaCoCo Coverage Report,com.fasterxml.jackson.databind,AnnotationIntrospector,668,11,54,0,182,3,104,3,77,3
JaCoCo Coverage Report,com.fasterxml.jackson.databind,AbstractTypeResolver,9,0,0,0,4,0,4,0,4,0
JaCoCo Coverage Report,com.fasterxml.jackson.databind,JsonNode,327,0,50,0,83,0,86,0,61,0
JaCoCo Coverage Report,com.fasterxml.jackson.databind,JsonSerializer,64,0,6,0,19,0,16,0,13,0
JaCoCo Coverage Report,com.fasterxml.jackson.databind,InjectableValues.Std,90,0,8,0,17,0,9,0,5,0
JaCoCo Coverage Report,com.fasterxml.jackson.databind,JavaType,244,22,30,0,62,7,49,1,34,1
JaCoCo Coverage Report,com.fasterxml.jackson.databind,SerializerProvider,1125,0,150,0,286,0,141,0,66,0
JaCoCo Coverage Report,com.fasterxml.jackson.databind,AnnotationIntrospector.ReferenceProperty.Type,24,0,0,0,3,0,1,0,1,0
JaCoCo Coverage Report,com.fasterxml.jackson.databind,PropertyNamingStrategy.SnakeCaseStrategy,73,3,18,0,18,1,10,1,1,1
JaCoCo Coverage Report,com.fasterxml.jackson.databind,PropertyNamingStrategy.LowerCaseStrategy,3,3,0,0,1,1,1,1,1,1
JaCoCo Coverage Report,com.fasterxml.jackson.databind,PropertyNamingStrategy.LowerCaseWithUnderscoresStrategy,3,0,0,0,1,0,1,0,1,0
JaCoCo Coverage Report,com.fasterxml.jackson.databind,DeserializationFeature,9,321,2,0,1,34,2,4,1,4
JaCoCo Coverage Report,com.fasterxml.jackson.databind,MappingJsonFactory,56,0,6,0,17,0,10,0,7,0
JaCoCo Coverage Report,com.fasterxml.jackson.databind,AnnotationIntrospector.ReferenceProperty,43,0,4,0,10,0,9,0,7,0
JaCoCo Coverage Report,com.fasterxml.jackson.databind,RuntimeJsonMappingException,13,0,0,0,6,0,3,0,3,0
JaCoCo Coverage Report,com.fasterxml.jackson.databind.type,TypeParser.MyTokenizer,57,0,6,0,15,0,9,0,6,0
JaCoCo Coverage Report,com.fasterxml.jackson.databind.type,TypeParser,181,6,20,0,34,3,16,1,6,1
JaCoCo Coverage Report,com.fasterxml.jackson.databind.type,ArrayType,271,0,20,0,47,0,35,0,25,0
JaCoCo Coverage Report,com.fasterxml.jackson.databind.type,TypeFactory,1720,98,244,1,377,30,189,4,66,4
JaCoCo Coverage Report,com.fasterxml.jackson.databind.type,CollectionType,240,0,8,0,27,0,17,0,13,0
JaCoCo Coverage Report,com.fasterxml.jackson.databind.type,SimpleType,526,28,50,0,85,6,45,3,20,3
JaCoCo Coverage Report,com.fasterxml.jackson.databind.type,TypeModifier,3,0,0,0,1,0,1,0,1,0
JaCoCo Coverage Report,com.fasterxml.jackson.databind.type,TypeBindings.TypeParamStash,74,0,16,0,27,0,12,0,4,0
JaCoCo Coverage Report,com.fasterxml.jackson.databind.type,ResolvedRecursiveType,119,0,12,0,32,0,23,0,17,0
JaCoCo Coverage Report,com.fasterxml.jackson.databind.type,MapType,344,0,10,0,33,0,21,0,16,0
JaCoCo Coverage Report,com.fasterxml.jackson.databind.type,MapLikeType,561,0,42,0,86,0,50,0,29,0
JaCoCo Coverage Report,com.fasterxml.jackson.databind.type,ClassKey,80,0,8,0,22,0,11,0,7,0
JaCoCo Coverage Report,com.fasterxml.jackson.databind.type,TypeBindings,667,53,101,4,110,13,73,3,20,3
JaCoCo Coverage Report,com.fasterxml.jackson.databind.type,CollectionLikeType,417,0,30,0,65,0,41,0,26,0
JaCoCo Coverage Report,com.fasterxml.jackson.databind.type,PlaceholderForType,101,0,2,0,22,0,19,0,18,0
JaCoCo Coverage Report,com.fasterxml.jackson.databind.type,TypeBindings.AsKey,88,0,16,0,20,0,12,0,4,0
JaCoCo Coverage Report,com.fasterxml.jackson.databind.type,TypeBase,286,25,52,1,76,7,42,2,15,2
JaCoCo Coverage Report,com.fasterxml.jackson.databind.type,ReferenceType,423,0,28,0,69,0,38,0,24,0
JaCoCo Coverage Report,com.fasterxml.jackson.databind.type,ClassStack,119,0,16,0,29,0,15,0,7,0
JaCoCo Coverage Report,com.fasterxml.jackson.databind.jsontype,TypeSerializer,18,0,0,0,7,0,4,0,4,0
JaCoCo Coverage Report,com.fasterxml.jackson.databind.jsontype,TypeDeserializer,58,0,18,0,17,0,14,0,3,0
JaCoCo Coverage Report,com.fasterxml.jackson.databind.jsontype,NamedType,104,0,16,0,16,0,17,0,9,0
JaCoCo Coverage Report,com.fasterxml.jackson.databind.jsontype,SubtypeResolver,44,0,0,0,9,0,7,0,7,0
JaCoCo Coverage Report,com.fasterxml.jackson.databind.exc,InvalidTypeIdException,25,0,0,0,7,0,4,0,4,0
JaCoCo Coverage Report,com.fasterxml.jackson.databind.exc,PropertyBindingException,134,0,14,0,34,0,13,0,6,0
JaCoCo Coverage Report,com.fasterxml.jackson.databind.exc,InvalidFormatException,48,0,0,0,15,0,6,0,6,0
JaCoCo Coverage Report,com.fasterxml.jackson.databind.exc,UnrecognizedPropertyException,66,0,4,0,14,0,5,0,3,0
JaCoCo Coverage Report,com.fasterxml.jackson.databind.exc,IgnoredPropertyException,66,0,4,0,14,0,5,0,3,0
JaCoCo Coverage Report,com.fasterxml.jackson.databind.util,StdConverter,46,0,4,0,8,0,6,0,4,0
JaCoCo Coverage Report,com.fasterxml.jackson.databind.util,StdDateFormat,922,0,136,0,203,0,100,0,28,0
JaCoCo Coverage Report,com.fasterxml.jackson.databind.util,LRUMap,85,14,8,0,20,4,12,1,8,1
JaCoCo Coverage Report,com.fasterxml.jackson.databind.util,ISO8601Utils,724,0,89,0,153,0,56,0,11,0
JaCoCo Coverage Report,com.fasterxml.jackson.databind.util,TokenBuffer.Parser,677,0,123,0,161,0,100,0,38,0
JaCoCo Coverage Report,com.fasterxml.jackson.databind.util,PrimitiveArrayBuilder,141,0,12,0,31,0,12,0,6,0
JaCoCo Coverage Report,com.fasterxml.jackson.databind.util,ArrayBuilders.IntBuilder,6,0,0,0,2,0,2,0,2,0
JaCoCo Coverage Report,com.fasterxml.jackson.databind.util,ByteBufferBackedOutputStream,21,0,0,0,3,0,3,0,3,0
JaCoCo Coverage Report,com.fasterxml.jackson.databind.util,BeanUtil,345,0,74,0,96,0,53,0,16,0
JaCoCo Coverage Report,com.fasterxml.jackson.databind.util,EnumResolver,305,0,22,0,63,0,31,0,20,0
JaCoCo Coverage Report,com.fasterxml.jackson.databind.util,CompactStringObjectMap,297,0,36,0,64,0,25,0,7,0
JaCoCo Coverage Report,com.fasterxml.jackson.databind.util,PrimitiveArrayBuilder.Node,41,0,2,0,13,0,6,0,5,0
JaCoCo Coverage Report,com.fasterxml.jackson.databind.util,ISO8601DateFormat,47,0,0,0,15,0,7,0,7,0
JaCoCo Coverage Report,com.fasterxml.jackson.databind.util,ObjectBuffer,234,0,22,0,51,0,21,0,10,0
JaCoCo Coverage Report,com.fasterxml.jackson.databind.util,ClassUtil.Ctor,59,0,6,0,21,0,9,0,6,0
JaCoCo Coverage Report,com.fasterxml.jackson.databind.util,ViewMatcher,31,0,5,0,9,0,7,0,4,0
JaCoCo Coverage Report,com.fasterxml.jackson.databind.util,JSONPObject,97,0,10,0,26,0,12,0,7,0
JaCoCo Coverage Report,com.fasterxml.jackson.databind.util,NameTransformer.NopTransformer,7,0,0,0,3,0,3,0,3,0
JaCoCo Coverage Report,com.fasterxml.jackson.databind.util,ClassUtil.EnumTypeLocator,130,0,20,0,29,0,16,0,6,0
JaCoCo Coverage Report,com.fasterxml.jackson.databind.util,ClassUtil,1156,0,260,0,305,0,187,0,57,0
JaCoCo Coverage Report,com.fasterxml.jackson.databind.util,RawValue,151,0,24,0,39,0,24,0,12,0
JaCoCo Coverage Report,com.fasterxml.jackson.databind.util,JSONWrappedObject,91,0,8,0,23,0,12,0,8,0
JaCoCo Coverage Report,com.fasterxml.jackson.databind.util,ArrayBuilders.LongBuilder,6,0,0,0,2,0,2,0,2,0
JaCoCo Coverage Report,com.fasterxml.jackson.databind.util,ArrayBuilders.FloatBuilder,6,0,0,0,2,0,2,0,2,0
JaCoCo Coverage Report,com.fasterxml.jackson.databind.util,EnumValues,212,0,16,0,40,0,17,0,9,0
JaCoCo Coverage Report,com.fasterxml.jackson.databind.util,NameTransformer.new NameTransformer() {...},67,0,4,0,8,0,6,0,4,0
JaCoCo Coverage Report,com.fasterxml.jackson.databind.util,NameTransformer.new NameTransformer() {...},41,0,2,0,6,0,5,0,4,0
JaCoCo Coverage Report,com.fasterxml.jackson.databind.util,NameTransformer.new NameTransformer() {...},45,0,2,0,6,0,5,0,4,0
JaCoCo Coverage Report,com.fasterxml.jackson.databind.util,ClassUtil.EmptyIterator,10,0,0,0,3,0,3,0,3,0
JaCoCo Coverage Report,com.fasterxml.jackson.databind.util,ArrayBuilders.DoubleBuilder,6,0,0,0,2,0,2,0,2,0
JaCoCo Coverage Report,com.fasterxml.jackson.databind.util,ByteBufferBackedInputStream,43,0,4,0,7,0,6,0,4,0
JaCoCo Coverage Report,com.fasterxml.jackson.databind.util,LinkedNode,40,0,6,0,15,0,8,0,5,0
JaCoCo Coverage Report,com.fasterxml.jackson.databind.util,ArrayBuilders.ShortBuilder,6,0,0,0,2,0,2,0,2,0
JaCoCo Coverage Report,com.fasterxml.jackson.databind.util,ViewMatcher.Single,19,0,4,0,2,0,4,0,2,0
JaCoCo Coverage Report,com.fasterxml.jackson.databind.util,ArrayBuilders.ByteBuilder,6,0,0,0,2,0,2,0,2,0
JaCoCo Coverage Report,com.fasterxml.jackson.databind.util,TypeKey,234,0,18,0,60,0,27,0,18,0
JaCoCo Coverage Report,com.fasterxml.jackson.databind.util,TokenBuffer.Segment,443,0,40,0,103,0,44,0,24,0
JaCoCo Coverage Report,com.fasterxml.jackson.databind.util,Converter.None,3,0,0,0,1,0,1,0,1,0
JaCoCo Coverage Report,com.fasterxml.jackson.databind.util,ArrayBuilders.new Object() {...},64,0,16,0,13,0,10,0,2,0
JaCoCo Coverage Report,com.fasterxml.jackson.databind.util,TokenBuffer,1447,0,191,0,423,0,186,0,78,0
JaCoCo Coverage Report,com.fasterxml.jackson.databind.util,RootNameLookup,56,10,6,0,14,3,6,1,3,1
JaCoCo Coverage Report,com.fasterxml.jackson.databind.util,ViewMatcher.Multi,33,0,6,0,6,0,5,0,2,0
JaCoCo Coverage Report,com.fasterxml.jackson.databind.util,NameTransformer.Chained,48,0,2,0,10,0,5,0,4,0
JaCoCo Coverage Report,com.fasterxml.jackson.databind.util,SimpleBeanPropertyDefinition,371,0,54,0,79,0,62,0,35,0
JaCoCo Coverage Report,com.fasterxml.jackson.databind.util,ArrayBuilders.BooleanBuilder,6,0,0,0,2,0,2,0,2,0
JaCoCo Coverage Report,com.fasterxml.jackson.databind.util,ArrayIterator,46,0,4,0,10,0,7,0,5,0
JaCoCo Coverage Report,com.fasterxml.jackson.databind.util,ArrayBuilders,316,0,42,0,77,0,36,0,15,0
JaCoCo Coverage Report,com.fasterxml.jackson.databind.util,NameTransformer,56,0,14,0,12,0,11,0,4,0
JaCoCo Coverage Report,com.fasterxml.jackson.databind.ser.std,StdJdkSerializers.AtomicIntegerSerializer,21,0,0,0,6,0,4,0,4,0
JaCoCo Coverage Report,com.fasterxml.jackson.databind.ser.std,SqlDateSerializer,50,0,4,0,13,0,9,0,7,0
JaCoCo Coverage Report,com.fasterxml.jackson.databind.ser.std,ArraySerializerBase,138,0,14,0,43,0,15,0,8,0
JaCoCo Coverage Report,com.fasterxml.jackson.databind.ser.std,NullSerializer,24,0,0,0,9,0,6,0,6,0
JaCoCo Coverage Report,com.fasterxml.jackson.databind.ser.std,NumberSerializers.IntLikeSerializer,17,0,0,0,5,0,3,0,3,0
JaCoCo Coverage Report,com.fasterxml.jackson.databind.ser.std,SqlTimeSerializer,20,0,0,0,6,0,4,0,4,0
JaCoCo Coverage Report,com.fasterxml.jackson.databind.ser.std,StdKeySerializers.Default,62,0,9,0,20,0,8,0,2,0
JaCoCo Coverage Report,com.fasterxml.jackson.databind.ser.std,StdArraySerializers.BooleanArraySerializer,115,0,16,0,28,0,21,0,13,0
JaCoCo Coverage Report,com.fasterxml.jackson.databind.ser.std,MapProperty,156,0,22,0,35,0,26,0,15,0
JaCoCo Coverage Report,com.fasterxml.jackson.databind.ser.std,StdKeySerializers,102,0,26,0,27,0,17,0,4,0
JaCoCo Coverage Report,com.fasterxml.jackson.databind.ser.std,NumberSerializers,94,0,0,0,14,0,2,0,2,0
JaCoCo Coverage Report,com.fasterxml.jackson.databind.ser.std,StdKeySerializers.EnumKeySerializer,43,0,4,0,13,0,5,0,3,0
JaCoCo Coverage Report,com.fasterxml.jackson.databind.ser.std,NumberSerializers.Base,67,0,12,0,15,0,10,0,4,0
JaCoCo Coverage Report,com.fasterxml.jackson.databind.ser.std,NumberSerializers.IntegerSerializer,18,0,0,0,6,0,3,0,3,0
JaCoCo Coverage Report,com.fasterxml.jackson.databind.ser.std,InetSocketAddressSerializer,79,0,8,0,16,0,7,0,3,0
JaCoCo Coverage Report,com.fasterxml.jackson.databind.ser.std,StdKeySerializers.Dynamic,76,0,6,0,23,0,8,0,5,0
JaCoCo Coverage Report,com.fasterxml.jackson.databind.ser.std,TimeZoneSerializer,24,0,0,0,7,0,3,0,3,0
JaCoCo Coverage Report,com.fasterxml.jackson.databind.ser.std,AtomicReferenceSerializer,61,0,12,0,10,0,12,0,6,0
JaCoCo Coverage Report,com.fasterxml.jackson.databind.ser.std,NumberSerializer,114,0,24,0,26,0,17,0,5,0
JaCoCo Coverage Report,com.fasterxml.jackson.databind.ser.std,StdKeySerializer,74,0,12,0,23,0,10,0,4,0
JaCoCo Coverage Report,com.fasterxml.jackson.databind.ser.std,JsonValueSerializer,457,0,74,0,111,0,49,0,12,0
JaCoCo Coverage Report,com.fasterxml.jackson.databind.ser.std,StdArraySerializers.LongArraySerializer,152,0,20,0,32,0,23,0,13,0
JaCoCo Coverage Report,com.fasterxml.jackson.databind.ser.std,ReferenceTypeSerializer,398,0,68,0,109,0,47,0,13,0
JaCoCo Coverage Report,com.fasterxml.jackson.databind.ser.std,DateSerializer,62,0,6,0,15,0,9,0,6,0
JaCoCo Coverage Report,com.fasterxml.jackson.databind.ser.std,UUIDSerializer,227,0,10,0,49,0,13,0,8,0
JaCoCo Coverage Report,com.fasterxml.jackson.databind.ser.std,NumberSerializers.ShortSerializer,17,0,0,0,5,0,3,0,3,0
JaCoCo Coverage Report,com.fasterxml.jackson.databind.ser.std,ClassSerializer,20,0,0,0,6,0,4,0,4,0
JaCoCo Coverage Report,com.fasterxml.jackson.databind.ser.std,StdArraySerializers.FloatArraySerializer,152,0,20,0,33,0,23,0,13,0
JaCoCo Coverage Report,com.fasterxml.jackson.databind.ser.std,StdJdkSerializers.AtomicLongSerializer,21,0,0,0,6,0,4,0,4,0
JaCoCo Coverage Report,com.fasterxml.jackson.databind.ser.std,StdJdkSerializers,96,0,0,0,22,0,2,0,2,0
JaCoCo Coverage Report,com.fasterxml.jackson.databind.ser.std,BeanSerializerBase,1403,0,228,0,342,0,139,0,25,0
JaCoCo Coverage Report,com.fasterxml.jackson.databind.ser.std,DateTimeSerializerBase,271,0,54,0,62,0,35,0,8,0
JaCoCo Coverage Report,com.fasterxml.jackson.databind.ser.std,AsArraySerializerBase,371,0,58,0,97,0,43,0,14,0
JaCoCo Coverage Report,com.fasterxml.jackson.databind.ser.std,StdScalarSerializer,32,0,0,0,11,0,5,0,5,0
JaCoCo Coverage Report,com.fasterxml.jackson.databind.ser.std,RawSerializer,34,0,0,0,11,0,5,0,5,0
JaCoCo Coverage Report,com.fasterxml.jackson.databind.ser.std,StdArraySerializers.IntArraySerializer,110,0,16,0,25,0,21,0,13,0
JaCoCo Coverage Report,com.fasterxml.jackson.databind.ser.std,NumberSerializers.FloatSerializer,17,0,0,0,5,0,3,0,3,0
JaCoCo Coverage Report,com.fasterxml.jackson.databind.ser.std,TokenBufferSerializer,32,0,0,0,10,0,5,0,5,0
JaCoCo Coverage Report,com.fasterxml.jackson.databind.ser.std,InetAddressSerializer,45,0,4,0,13,0,5,0,3,0
JaCoCo Coverage Report,com.fasterxml.jackson.databind.ser.std,CollectionSerializer,247,0,38,0,69,0,29,0,10,0
JaCoCo Coverage Report,com.fasterxml.jackson.databind.ser.std,IterableSerializer,160,0,30,0,45,0,23,0,8,0
JaCoCo Coverage Report,com.fasterxml.jackson.databind.ser.std,StdArraySerializers,78,0,0,0,12,0,3,0,3,0
JaCoCo Coverage Report,com.fasterxml.jackson.databind.ser.std,StdArraySerializers.CharArraySerializer,108,0,10,0,25,0,12,0,7,0
JaCoCo Coverage Report,com.fasterxml.jackson.databind.ser.std,StdArraySerializers.ShortArraySerializer,154,0,20,0,33,0,23,0,13,0
JaCoCo Coverage Report,com.fasterxml.jackson.databind.ser.std,ByteBufferSerializer,38,0,4,0,11,0,4,0,2,0
JaCoCo Coverage Report,com.fasterxml.jackson.databind.ser.std,StdSerializer,438,0,112,0,132,0,84,0,28,0
JaCoCo Coverage Report,com.fasterxml.jackson.databind.ser.std,NumberSerializers.DoubleSerializer,18,0,0,0,6,0,3,0,3,0
JaCoCo Coverage Report,com.fasterxml.jackson.databind.ser.std,JsonValueSerializer.TypeSerializerRerouter,139,0,0,0,38,0,20,0,20,0
JaCoCo Coverage Report,com.fasterxml.jackson.databind.ser.std,StaticListSerializerBase,134,0,22,0,36,0,18,0,7,0
JaCoCo Coverage Report,com.fasterxml.jackson.databind.ser.std,FileSerializer,19,0,0,0,6,0,4,0,4,0
JaCoCo Coverage Report,com.fasterxml.jackson.databind.ser.std,BooleanSerializer,29,0,4,0,9,0,6,0,4,0
JaCoCo Coverage Report,com.fasterxml.jackson.databind.ser.std,EnumSetSerializer,111,0,18,0,27,0,18,0,9,0
JaCoCo Coverage Report,com.fasterxml.jackson.databind.ser.std,MapSerializer,1768,0,296,0,447,0,183,0,35,0
JaCoCo Coverage Report,com.fasterxml.jackson.databind.ser.std,EnumSerializer,282,0,50,0,68,0,35,0,10,0
JaCoCo Coverage Report,com.fasterxml.jackson.databind.ser.std,ObjectArraySerializer,648,0,104,0,181,0,71,0,19,0
JaCoCo Coverage Report,com.fasterxml.jackson.databind.ser.std,StdJdkSerializers.AtomicBooleanSerializer,20,0,0,0,6,0,4,0,4,0
JaCoCo Coverage Report,com.fasterxml.jackson.databind.ser.std,StringSerializer,44,0,8,0,10,0,10,0,6,0
JaCoCo Coverage Report,com.fasterxml.jackson.databind.ser.std,CalendarSerializer,64,0,6,0,14,0,9,0,6,0
JaCoCo Coverage Report,com.fasterxml.jackson.databind.ser.std,StdArraySerializers.DoubleArraySerializer,110,0,16,0,25,0,21,0,13,0
JaCoCo Coverage Report,com.fasterxml.jackson.databind.ser.std,ByteArraySerializer,67,0,8,0,17,0,10,0,6,0
JaCoCo Coverage Report,com.fasterxml.jackson.databind.ser.std,NonTypedScalarSerializerBase,15,0,0,0,6,0,3,0,3,0
JaCoCo Coverage Report,com.fasterxml.jackson.databind.ser.std,SerializableSerializer,135,0,16,0,42,0,16,0,8,0
JaCoCo Coverage Report,com.fasterxml.jackson.databind.ser.std,StdArraySerializers.TypedPrimitiveArraySerializer,16,0,0,0,6,0,2,0,2,0
JaCoCo Coverage Report,com.fasterxml.jackson.databind.ser.std,NumberSerializers.LongSerializer,12,0,0,0,4,0,2,0,2,0
JaCoCo Coverage Report,com.fasterxml.jackson.databind.ser.std,ToStringSerializer,53,0,2,0,17,0,9,0,8,0
JaCoCo Coverage Report,com.fasterxml.jackson.databind.ser.std,StdDelegatingSerializer,257,0,34,0,66,0,34,0,17,0
JaCoCo Coverage Report,com.fasterxml.jackson.databind.ser.std,StdKeySerializers.StringKeySerializer,10,0,0,0,3,0,2,0,2,0
JaCoCo Coverage Report,com.fasterxml.jackson.databind.deser.std,PrimitiveArrayDeserializers.CharDeser,140,0,20,0,36,0,15,0,5,0
JaCoCo Coverage Report,com.fasterxml.jackson.databind.deser.std,FactoryBasedEnumDeserializer,341,0,54,0,85,0,37,0,10,0
JaCoCo Coverage Report,com.fasterxml.jackson.databind.deser.std,JsonLocationInstantiator,77,30,2,2,11,5,4,5,3,4
JaCoCo Coverage Report,com.fasterxml.jackson.databind.deser.std,CollectionDeserializer.CollectionReferringAccumulator,103,0,6,0,25,0,7,0,4,0
JaCoCo Coverage Report,com.fasterxml.jackson.databind.deser.std,FromStringDeserializer,274,0,46,0,67,0,29,0,6,0
JaCoCo Coverage Report,com.fasterxml.jackson.databind.deser.std,NumberDeserializers.NumberDeserializer,157,0,33,0,39,0,22,0,4,0
JaCoCo Coverage Report,com.fasterxml.jackson.databind.deser.std,UntypedObjectDeserializer,655,0,91,0,161,0,68,0,15,0
JaCoCo Coverage Report,com.fasterxml.jackson.databind.deser.std,StdScalarDeserializer,76,0,10,0,20,0,11,0,6,0
JaCoCo Coverage Report,com.fasterxml.jackson.databind.deser.std,StdDelegatingDeserializer,205,0,16,0,46,0,21,0,13,0
JaCoCo Coverage Report,com.fasterxml.jackson.databind.deser.std,ObjectArrayDeserializer,389,0,54,0,88,0,39,0,12,0
JaCoCo Coverage Report,com.fasterxml.jackson.databind.deser.std,DateDeserializers.SqlDateDeserializer,32,0,2,0,6,0,5,0,4,0
JaCoCo Coverage Report,com.fasterxml.jackson.databind.deser.std,NumberDeserializers.LongDeserializer,34,0,2,0,8,0,5,0,4,0
JaCoCo Coverage Report,com.fasterxml.jackson.databind.deser.std,NumberDeserializers.PrimitiveOrWrapperDeserializer,53,0,8,0,12,0,7,0,3,0
JaCoCo Coverage Report,com.fasterxml.jackson.databind.deser.std,NullifyingDeserializer,41,0,8,0,13,0,8,0,4,0
JaCoCo Coverage Report,com.fasterxml.jackson.databind.deser.std,NumberDeserializers,193,0,44,0,48,0,25,0,3,0
JaCoCo Coverage Report,com.fasterxml.jackson.databind.deser.std,MapDeserializer,1024,0,156,0,247,0,100,0,22,0
JaCoCo Coverage Report,com.fasterxml.jackson.databind.deser.std,ByteBufferDeserializer,25,0,0,0,7,0,3,0,3,0
JaCoCo Coverage Report,com.fasterxml.jackson.databind.deser.std,NumberDeserializers.ByteDeserializer,24,0,0,0,5,0,3,0,3,0
JaCoCo Coverage Report,com.fasterxml.jackson.databind.deser.std,PrimitiveArrayDeserializers.IntDeser,92,0,6,0,22,0,9,0,6,0
JaCoCo Coverage Report,com.fasterxml.jackson.databind.deser.std,PrimitiveArrayDeserializers,136,0,32,0,37,0,22,0,6,0
JaCoCo Coverage Report,com.fasterxml.jackson.databind.deser.std,CollectionDeserializer.CollectionReferring,19,0,0,0,6,0,2,0,2,0
JaCoCo Coverage Report,com.fasterxml.jackson.databind.deser.std,PrimitiveArrayDeserializers.FloatDeser,87,0,6,0,21,0,8,0,5,0
JaCoCo Coverage Report,com.fasterxml.jackson.databind.deser.std,StdKeyDeserializer,455,0,79,0,104,0,56,0,9,0
JaCoCo Coverage Report,com.fasterxml.jackson.databind.deser.std,StdKeyDeserializers,88,0,10,0,20,0,11,0,6,0
JaCoCo Coverage Report,com.fasterxml.jackson.databind.deser.std,NumberDeserializers.BigDecimalDeserializer,53,0,6,0,12,0,7,0,3,0
JaCoCo Coverage Report,com.fasterxml.jackson.databind.deser.std,PrimitiveArrayDeserializers.ByteDeser,164,0,26,0,41,0,18,0,5,0
JaCoCo Coverage Report,com.fasterxml.jackson.databind.deser.std,PrimitiveArrayDeserializers.ShortDeser,87,0,6,0,21,0,8,0,5,0
JaCoCo Coverage Report,com.fasterxml.jackson.databind.deser.std,ThrowableDeserializer,250,0,42,0,60,0,25,0,4,0
JaCoCo Coverage Report,com.fasterxml.jackson.databind.deser.std,StdKeyDeserializer.DelegatingKD,66,0,4,0,17,0,5,0,3,0
JaCoCo Coverage Report,com.fasterxml.jackson.databind.deser.std,StringDeserializer,129,0,22,0,35,0,17,0,6,0
JaCoCo Coverage Report,com.fasterxml.jackson.databind.deser.std,ReferenceTypeDeserializer,114,0,14,0,28,0,13,0,6,0
JaCoCo Coverage Report,com.fasterxml.jackson.databind.deser.std,StdKeyDeserializer.StringKD,33,0,4,0,9,0,6,0,4,0
JaCoCo Coverage Report,com.fasterxml.jackson.databind.deser.std,UUIDDeserializer,412,0,30,0,59,0,27,0,12,0
JaCoCo Coverage Report,com.fasterxml.jackson.databind.deser.std,FromStringDeserializer.Std,245,0,40,0,54,0,30,0,4,0
JaCoCo Coverage Report,com.fasterxml.jackson.databind.deser.std,StackTraceElementDeserializer,151,0,26,0,34,0,16,0,3,0
JaCoCo Coverage Report,com.fasterxml.jackson.databind.deser.std,EnumDeserializer,288,0,50,0,71,0,35,0,10,0
JaCoCo Coverage Report,com.fasterxml.jackson.databind.deser.std,StringArrayDeserializer,298,0,46,0,77,0,31,0,8,0
JaCoCo Coverage Report,com.fasterxml.jackson.databind.deser.std,StdKeyDeserializer.StringFactoryKeyDeserializer,20,0,0,0,4,0,2,0,2,0
JaCoCo Coverage Report,com.fasterxml.jackson.databind.deser.std,PrimitiveArrayDeserializers.BooleanDeser,87,0,6,0,21,0,8,0,5,0
JaCoCo Coverage Report,com.fasterxml.jackson.databind.deser.std,EnumMapDeserializer,228,0,30,0,55,0,24,0,9,0
JaCoCo Coverage Report,com.fasterxml.jackson.databind.deser.std,NumberDeserializers.DoubleDeserializer,29,0,0,0,6,0,4,0,4,0
JaCoCo Coverage Report,com.fasterxml.jackson.databind.deser.std,PrimitiveArrayDeserializers.DoubleDeser,87,0,6,0,21,0,8,0,5,0
JaCoCo Coverage Report,com.fasterxml.jackson.databind.deser.std,NumberDeserializers.BigIntegerDeserializer,73,0,11,0,17,0,10,0,3,0
JaCoCo Coverage Report,com.fasterxml.jackson.databind.deser.std,DateDeserializers.DateBasedDeserializer,200,0,28,0,52,0,18,0,4,0
JaCoCo Coverage Report,com.fasterxml.jackson.databind.deser.std,DateDeserializers.DateDeserializer,27,0,0,0,6,0,5,0,5,0
JaCoCo Coverage Report,com.fasterxml.jackson.databind.deser.std,StdKeyDeserializer.StringCtorKeyDeserializer,19,0,0,0,4,0,2,0,2,0
JaCoCo Coverage Report,com.fasterxml.jackson.databind.deser.std,JsonNodeDeserializer,49,0,7,0,13,0,10,0,6,0
JaCoCo Coverage Report,com.fasterxml.jackson.databind.deser.std,JdkDeserializers,110,0,16,0,19,0,11,0,3,0
JaCoCo Coverage Report,com.fasterxml.jackson.databind.deser.std,StdDeserializer,1933,0,400,0,461,0,253,0,43,0
JaCoCo Coverage Report,com.fasterxml.jackson.databind.deser.std,StdValueInstantiator,359,323,54,38,75,89,46,45,2,43
JaCoCo Coverage Report,com.fasterxml.jackson.databind.deser.std,MapDeserializer.MapReferringAccumulator,107,0,6,0,25,0,7,0,4,0
JaCoCo Coverage Report,com.fasterxml.jackson.databind.deser.std,JsonNodeDeserializer.ObjectDeserializer,39,0,6,0,8,0,7,0,4,0
JaCoCo Coverage Report,com.fasterxml.jackson.databind.deser.std,StdNodeBasedDeserializer,49,0,0,0,13,0,6,0,6,0
JaCoCo Coverage Report,com.fasterxml.jackson.databind.deser.std,NumberDeserializers.BooleanDeserializer,28,0,0,0,6,0,4,0,4,0
JaCoCo Coverage Report,com.fasterxml.jackson.databind.deser.std,DateDeserializers.TimestampDeserializer,32,0,2,0,6,0,5,0,4,0
JaCoCo Coverage Report,com.fasterxml.jackson.databind.deser.std,CollectionDeserializer,485,0,68,0,105,0,47,0,13,0
JaCoCo Coverage Report,com.fasterxml.jackson.databind.deser.std,PrimitiveArrayDeserializers.LongDeser,92,0,6,0,22,0,9,0,6,0
JaCoCo Coverage Report,com.fasterxml.jackson.databind.deser.std,NumberDeserializers.FloatDeserializer,24,0,0,0,5,0,3,0,3,0
JaCoCo Coverage Report,com.fasterxml.jackson.databind.deser.std,DateDeserializers.CalendarDeserializer,75,0,6,0,23,0,8,0,5,0
JaCoCo Coverage Report,com.fasterxml.jackson.databind.deser.std,ArrayBlockingQueueDeserializer,171,0,24,0,38,0,19,0,7,0
JaCoCo Coverage Report,com.fasterxml.jackson.databind.deser.std,EnumSetDeserializer,243,0,32,0,59,0,26,0,10,0
JaCoCo Coverage Report,com.fasterxml.jackson.databind.deser.std,JsonNodeDeserializer.ArrayDeserializer,27,0,2,0,6,0,5,0,4,0
JaCoCo Coverage Report,com.fasterxml.jackson.databind.deser.std,NumberDeserializers.ShortDeserializer,24,0,0,0,5,0,3,0,3,0
JaCoCo Coverage Report,com.fasterxml.jackson.databind.deser.std,AtomicBooleanDeserializer,12,0,0,0,2,0,2,0,2,0
JaCoCo Coverage Report,com.fasterxml.jackson.databind.deser.std,StringCollectionDeserializer,334,0,52,0,79,0,38,0,12,0
JaCoCo Coverage Report,com.fasterxml.jackson.databind.deser.std,NumberDeserializers.IntegerDeserializer,47,0,4,0,11,0,7,0,5,0
JaCoCo Coverage Report,com.fasterxml.jackson.databind.deser.std,BaseNodeDeserializer,422,0,71,0,111,0,58,0,11,0
JaCoCo Coverage Report,com.fasterxml.jackson.databind.deser.std,UntypedObjectDeserializer.Vanilla,376,0,55,0,102,0,43,0,7,0
JaCoCo Coverage Report,com.fasterxml.jackson.databind.deser.std,StdKeyDeserializer.EnumKD,82,0,10,0,22,0,8,0,3,0
JaCoCo Coverage Report,com.fasterxml.jackson.databind.deser.std,MapDeserializer.MapReferring,22,0,0,0,7,0,2,0,2,0
JaCoCo Coverage Report,com.fasterxml.jackson.databind.deser.std,TokenBufferDeserializer,16,0,0,0,3,0,3,0,3,0
JaCoCo Coverage Report,com.fasterxml.jackson.databind.deser.std,NumberDeserializers.CharacterDeserializer,67,0,12,0,15,0,10,0,3,0
JaCoCo Coverage Report,com.fasterxml.jackson.databind.deser.std,ContainerDeserializerBase,67,0,14,0,16,0,10,0,3,0
JaCoCo Coverage Report,com.fasterxml.jackson.databind.deser.std,MapEntryDeserializer,320,0,36,0,75,0,29,0,11,0
JaCoCo Coverage Report,com.fasterxml.jackson.databind.deser.std,DateDeserializers,92,0,14,0,18,0,10,0,3,0
JaCoCo Coverage Report,com.fasterxml.jackson.databind.deser.std,DelegatingDeserializer,128,0,10,0,33,0,23,0,18,0
JaCoCo Coverage Report,com.fasterxml.jackson.databind.deser.std,AtomicReferenceDeserializer,29,0,0,0,7,0,5,0,5,0
JaCoCo Coverage Report,com.fasterxml.jackson.databind.node,ObjectNode,961,0,114,0,211,0,121,0,64,0
JaCoCo Coverage Report,com.fasterxml.jackson.databind.node,ArrayNode,891,0,104,0,212,0,122,0,70,0
JaCoCo Coverage Report,com.fasterxml.jackson.databind.node,IntNode,133,0,16,0,32,0,30,0,22,0
JaCoCo Coverage Report,com.fasterxml.jackson.databind.node,NullNode,29,0,2,0,10,0,10,0,9,0
JaCoCo Coverage Report,com.fasterxml.jackson.databind.node,ShortNode,98,0,10,0,26,0,26,0,21,0
JaCoCo Coverage Report,com.fasterxml.jackson.databind.node,JsonNodeType,94,0,0,0,10,0,1,0,1,0
JaCoCo Coverage Report,com.fasterxml.jackson.databind.node,TreeTraversingParser,429,0,77,0,117,0,73,0,33,0
JaCoCo Coverage Report,com.fasterxml.jackson.databind.node,TextNode,472,0,62,0,112,0,53,0,22,0
JaCoCo Coverage Report,com.fasterxml.jackson.databind.node,MissingNode,35,0,2,0,14,0,13,0,12,0
JaCoCo Coverage Report,com.fasterxml.jackson.databind.node,DoubleNode,127,0,16,0,27,0,28,0,20,0
JaCoCo Coverage Report,com.fasterxml.jackson.databind.node,NodeCursor.ArrayCursor,45,0,4,0,12,0,8,0,6,0
JaCoCo Coverage Report,com.fasterxml.jackson.databind.node,FloatNode,120,0,16,0,26,0,28,0,20,0
JaCoCo Coverage Report,com.fasterxml.jackson.databind.node,BigIntegerNode,135,0,16,0,30,0,30,0,22,0
JaCoCo Coverage Report,com.fasterxml.jackson.databind.node,ValueNode,49,0,0,0,21,0,18,0,18,0
JaCoCo Coverage Report,com.fasterxml.jackson.databind.node,BooleanNode,109,0,22,0,23,0,28,0,17,0
JaCoCo Coverage Report,com.fasterxml.jackson.databind.node,BaseJsonNode,26,0,2,0,8,0,6,0,5,0
JaCoCo Coverage Report,com.fasterxml.jackson.databind.node,ContainerNode,127,0,0,0,28,0,26,0,26,0
JaCoCo Coverage Report,com.fasterxml.jackson.databind.node,DecimalNode,134,0,16,0,30,0,29,0,21,0
JaCoCo Coverage Report,com.fasterxml.jackson.databind.node,POJONode,188,0,34,0,41,0,33,0,16,0
JaCoCo Coverage Report,com.fasterxml.jackson.databind.node,NodeCursor.ObjectCursor,91,0,12,0,22,0,12,0,6,0
JaCoCo Coverage Report,com.fasterxml.jackson.databind.node,LongNode,120,0,14,0,26,0,28,0,21,0
JaCoCo Coverage Report,com.fasterxml.jackson.databind.node,NumericNode,23,0,0,0,8,0,8,0,8,0
JaCoCo Coverage Report,com.fasterxml.jackson.databind.node,NodeCursor.RootCursor,37,0,2,0,14,0,8,0,7,0
JaCoCo Coverage Report,com.fasterxml.jackson.databind.node,NodeCursor,71,0,6,0,19,0,10,0,7,0
JaCoCo Coverage Report,com.fasterxml.jackson.databind.node,JsonNodeFactory,160,19,22,0,35,6,38,2,27,2
JaCoCo Coverage Report,com.fasterxml.jackson.databind.node,BinaryNode,127,0,20,0,33,0,23,0,13,0
JaCoCo Coverage Report,com.fasterxml.jackson.databind.introspect,BeanPropertyDefinition,52,0,8,0,14,0,17,0,13,0
JaCoCo Coverage Report,com.fasterxml.jackson.databind.introspect,POJOPropertyBuilder.Linked,256,0,44,0,50,0,31,0,9,0
JaCoCo Coverage Report,com.fasterxml.jackson.databind.introspect,AnnotatedMethod.Serialization,15,0,0,0,5,0,1,0,1,0
JaCoCo Coverage Report,com.fasterxml.jackson.databind.introspect,NopAnnotationIntrospector,2,8,0,0,1,2,1,2,1,2
JaCoCo Coverage Report,com.fasterxml.jackson.databind.introspect,AnnotatedField.Serialization,11,0,0,0,4,0,1,0,1,0
JaCoCo Coverage Report,com.fasterxml.jackson.databind.introspect,AnnotationIntrospectorPair,1226,9,184,0,237,4,169,1,77,1
JaCoCo Coverage Report,com.fasterxml.jackson.databind.introspect,BasicClassIntrospector,345,0,50,0,84,0,39,0,14,0
JaCoCo Coverage Report,com.fasterxml.jackson.databind.introspect,ConcreteBeanPropertyBase,124,0,26,0,41,0,21,0,8,0
JaCoCo Coverage Report,com.fasterxml.jackson.databind.introspect,AnnotatedParameter,137,17,13,1,24,5,24,1,17,1
JaCoCo Coverage Report,com.fasterxml.jackson.databind.introspect,AnnotatedMethodMap,103,0,16,0,21,0,17,0,9,0
JaCoCo Coverage Report,com.fasterxml.jackson.databind.introspect,JacksonAnnotationIntrospector,1847,0,322,0,440,0,248,0,84,0
JaCoCo Coverage Report,com.fasterxml.jackson.databind.introspect,AnnotatedConstructor,266,0,18,0,49,0,33,0,24,0
JaCoCo Coverage Report,com.fasterxml.jackson.databind.introspect,NopAnnotationIntrospector.new NopAnnotationIntrospector() {...},2,3,0,0,1,1,1,1,1,1
JaCoCo Coverage Report,com.fasterxml.jackson.databind.introspect,AnnotatedMember,79,9,10,0,26,4,16,1,11,1
JaCoCo Coverage Report,com.fasterxml.jackson.databind.introspect,AnnotatedWithParams,78,0,8,0,21,0,11,0,7,0
JaCoCo Coverage Report,com.fasterxml.jackson.databind.introspect,VirtualAnnotatedMember,138,0,10,0,26,0,22,0,17,0
JaCoCo Coverage Report,com.fasterxml.jackson.databind.introspect,BasicBeanDescription,934,0,168,0,219,0,127,0,43,0
JaCoCo Coverage Report,com.fasterxml.jackson.databind.introspect,AnnotatedConstructor.Serialization,11,0,0,0,4,0,1,0,1,0
JaCoCo Coverage Report,com.fasterxml.jackson.databind.introspect,VisibilityChecker.Std,374,0,33,0,80,0,43,0,24,0
JaCoCo Coverage Report,com.fasterxml.jackson.databind.introspect,TypeResolutionContext.Basic,16,0,0,0,5,0,2,0,2,0
JaCoCo Coverage Report,com.fasterxml.jackson.databind.introspect,AnnotatedClass,1994,0,300,0,430,0,218,0,68,0
JaCoCo Coverage Report,com.fasterxml.jackson.databind.introspect,Annotated,18,3,0,0,4,1,4,1,4,1
JaCoCo Coverage Report,com.fasterxml.jackson.databind.introspect,SimpleMixInResolver,135,15,20,0,24,7,17,2,7,2
JaCoCo Coverage Report,com.fasterxml.jackson.databind.introspect,POJOPropertyBuilder.new POJOPropertyBuilder.WithMember() {...},12,0,0,0,2,0,2,0,2,0
JaCoCo Coverage Report,com.fasterxml.jackson.databind.introspect,POJOPropertyBuilder.new POJOPropertyBuilder.WithMember() {...},23,0,2,0,5,0,3,0,2,0
JaCoCo Coverage Report,com.fasterxml.jackson.databind.introspect,POJOPropertyBuilder.new POJOPropertyBuilder.WithMember() {...},12,0,0,0,2,0,2,0,2,0
JaCoCo Coverage Report,com.fasterxml.jackson.databind.introspect,POJOPropertyBuilder.new POJOPropertyBuilder.WithMember() {...},12,0,0,0,2,0,2,0,2,0
JaCoCo Coverage Report,com.fasterxml.jackson.databind.introspect,POJOPropertyBuilder.new POJOPropertyBuilder.WithMember() {...},12,0,0,0,2,0,2,0,2,0
JaCoCo Coverage Report,com.fasterxml.jackson.databind.introspect,POJOPropertyBuilder.new POJOPropertyBuilder.WithMember() {...},12,0,0,0,2,0,2,0,2,0
JaCoCo Coverage Report,com.fasterxml.jackson.databind.introspect,POJOPropertyBuilder.new POJOPropertyBuilder.WithMember() {...},12,0,0,0,2,0,2,0,2,0
JaCoCo Coverage Report,com.fasterxml.jackson.databind.introspect,POJOPropertyBuilder.new POJOPropertyBuilder.WithMember() {...},12,0,0,0,2,0,2,0,2,0
JaCoCo Coverage Report,com.fasterxml.jackson.databind.introspect,POJOPropertyBuilder.new POJOPropertyBuilder.WithMember() {...},12,0,0,0,2,0,2,0,2,0
JaCoCo Coverage Report,com.fasterxml.jackson.databind.introspect,POJOPropertiesCollector,1886,0,352,0,447,0,214,0,38,0
JaCoCo Coverage Report,com.fasterxml.jackson.databind.introspect,AnnotatedField,228,0,10,0,43,0,26,0,21,0
JaCoCo Coverage Report,com.fasterxml.jackson.databind.introspect,AnnotationMap,191,10,41,3,40,3,31,3,10,2
JaCoCo Coverage Report,com.fasterxml.jackson.databind.introspect,POJOPropertyBuilder.MemberIterator,36,0,4,0,9,0,6,0,4,0
JaCoCo Coverage Report,com.fasterxml.jackson.databind.introspect,POJOPropertyBuilder,1833,0,318,0,400,0,231,0,71,0
JaCoCo Coverage Report,com.fasterxml.jackson.databind.introspect,ObjectIdInfo,138,0,8,0,30,0,18,0,14,0
JaCoCo Coverage Report,com.fasterxml.jackson.databind.introspect,MemberKey,118,0,16,0,29,0,15,0,7,0
JaCoCo Coverage Report,com.fasterxml.jackson.databind.introspect,AnnotatedMethod,417,0,24,0,74,0,45,0,33,0
JaCoCo Coverage Report,com.fasterxml.jackson.databind.introspect,ClassIntrospector,3,0,0,0,1,0,1,0,1,0
JaCoCo Coverage Report,com.fasterxml.jackson.databind.annotation,JsonSerialize.Typing,34,0,0,0,4,0,1,0,1,0
JaCoCo Coverage Report,com.fasterxml.jackson.databind.annotation,JsonSerialize.Inclusion,54,0,0,0,6,0,1,0,1,0
JaCoCo Coverage Report,com.fasterxml.jackson.databind.annotation,JsonPOJOBuilder.Value,11,0,0,0,4,0,1,0,1,0
JaCoCo Coverage Report,com.fasterxml.jackson.databind.module,SimpleSerializers,301,0,50,0,75,0,38,0,13,0
JaCoCo Coverage Report,com.fasterxml.jackson.databind.module,SimpleDeserializers,224,0,30,0,34,0,28,0,13,0
JaCoCo Coverage Report,com.fasterxml.jackson.databind.module,SimpleModule,577,0,58,0,129,0,59,0,30,0
JaCoCo Coverage Report,com.fasterxml.jackson.databind.module,SimpleKeyDeserializers,40,0,4,0,9,0,5,0,3,0
JaCoCo Coverage Report,com.fasterxml.jackson.databind.module,SimpleAbstractTypeResolver,96,0,8,0,18,0,9,0,5,0
JaCoCo Coverage Report,com.fasterxml.jackson.databind.module,SimpleValueInstantiators,35,0,2,0,7,0,4,0,3,0
JaCoCo Coverage Report,com.fasterxml.jackson.databind.jsontype.impl,MinimalClassNameIdResolver,97,0,8,0,21,0,8,0,4,0
JaCoCo Coverage Report,com.fasterxml.jackson.databind.jsontype.impl,TypeIdResolverBase,40,0,0,0,10,0,6,0,6,0
JaCoCo Coverage Report,com.fasterxml.jackson.databind.jsontype.impl,AsExistingPropertyTypeSerializer,65,0,14,0,19,0,13,0,6,0
JaCoCo Coverage Report,com.fasterxml.jackson.databind.jsontype.impl,AsPropertyTypeDeserializer,263,0,38,0,65,0,28,0,9,0
JaCoCo Coverage Report,com.fasterxml.jackson.databind.jsontype.impl,AsWrapperTypeDeserializer,170,0,18,0,37,0,18,0,9,0
JaCoCo Coverage Report,com.fasterxml.jackson.databind.jsontype.impl,AsExternalTypeSerializer,150,0,8,0,52,0,29,0,25,0
JaCoCo Coverage Report,com.fasterxml.jackson.databind.jsontype.impl,StdSubtypeResolver,569,0,76,0,115,0,48,0,10,0
JaCoCo Coverage Report,com.fasterxml.jackson.databind.jsontype.impl,TypeNameIdResolver,231,0,32,0,54,0,27,0,11,0
JaCoCo Coverage Report,com.fasterxml.jackson.databind.jsontype.impl,AsArrayTypeSerializer,240,0,50,0,90,0,43,0,18,0
JaCoCo Coverage Report,com.fasterxml.jackson.databind.jsontype.impl,StdTypeResolverBuilder,319,0,42,0,59,0,39,0,13,0
JaCoCo Coverage Report,com.fasterxml.jackson.databind.jsontype.impl,AsWrapperTypeSerializer,264,0,52,0,91,0,45,0,19,0
JaCoCo Coverage Report,com.fasterxml.jackson.databind.jsontype.impl,TypeSerializerBase,40,0,4,0,15,0,8,0,6,0
JaCoCo Coverage Report,com.fasterxml.jackson.databind.jsontype.impl,AsExternalTypeDeserializer,29,0,2,0,9,0,6,0,5,0
JaCoCo Coverage Report,com.fasterxml.jackson.databind.jsontype.impl,TypeDeserializerBase,303,0,34,0,72,0,29,0,12,0
JaCoCo Coverage Report,com.fasterxml.jackson.databind.jsontype.impl,AsArrayTypeDeserializer,200,0,24,0,47,0,23,0,11,0
JaCoCo Coverage Report,com.fasterxml.jackson.databind.jsontype.impl,AsPropertyTypeSerializer,109,0,14,0,36,0,16,0,9,0
JaCoCo Coverage Report,com.fasterxml.jackson.databind.jsontype.impl,ClassNameIdResolver,207,0,28,0,51,0,23,0,9,0
JaCoCo Coverage Report,com.fasterxml.jackson.databind.ser,DefaultSerializerProvider.Impl,32,0,2,0,8,0,6,0,5,0
JaCoCo Coverage Report,com.fasterxml.jackson.databind.ser,BasicSerializerFactory,1490,0,236,0,346,0,153,0,34,0
JaCoCo Coverage Report,com.fasterxml.jackson.databind.ser,PropertyBuilder,445,0,73,0,109,0,47,0,9,0
JaCoCo Coverage Report,com.fasterxml.jackson.databind.ser,SerializerCache,260,0,22,0,56,0,25,0,14,0
JaCoCo Coverage Report,com.fasterxml.jackson.databind.ser,BeanSerializerFactory,1195,0,176,0,284,0,111,0,23,0
JaCoCo Coverage Report,com.fasterxml.jackson.databind.ser,BeanSerializerModifier,25,0,0,0,12,0,12,0,12,0
JaCoCo Coverage Report,com.fasterxml.jackson.databind.ser,BeanSerializer,123,0,10,0,29,0,18,0,13,0
JaCoCo Coverage Report,com.fasterxml.jackson.databind.ser,PropertyWriter,25,0,2,0,10,0,5,0,4,0
JaCoCo Coverage Report,com.fasterxml.jackson.databind.ser,VirtualBeanPropertyWriter,275,0,58,0,78,0,39,0,10,0
JaCoCo Coverage Report,com.fasterxml.jackson.databind.ser,Serializers.Base,21,0,0,0,8,0,8,0,8,0
JaCoCo Coverage Report,com.fasterxml.jackson.databind.ser,AnyGetterWriter,142,0,18,0,38,0,14,0,5,0
JaCoCo Coverage Report,com.fasterxml.jackson.databind.ser,FilterProvider,14,0,2,0,5,0,3,0,2,0
JaCoCo Coverage Report,com.fasterxml.jackson.databind.ser,DefaultSerializerProvider,810,0,120,0,225,0,79,0,19,0
JaCoCo Coverage Report,com.fasterxml.jackson.databind.ser,ContainerSerializer,34,0,2,0,12,0,8,0,7,0
JaCoCo Coverage Report,com.fasterxml.jackson.databind.ser,BeanPropertyWriter,1046,0,140,0,268,0,119,0,49,0
JaCoCo Coverage Report,com.fasterxml.jackson.databind.ser,SerializerFactory,3,0,0,0,1,0,1,0,1,0
JaCoCo Coverage Report,com.fasterxml.jackson.databind.ser,BeanSerializerBuilder,204,0,24,0,51,0,33,0,21,0
JaCoCo Coverage Report,com.fasterxml.jackson.databind.ext,DOMSerializer,58,0,4,0,14,0,6,0,4,0
JaCoCo Coverage Report,com.fasterxml.jackson.databind.ext,NioPathSerializer,10,0,0,0,3,0,2,0,2,0
JaCoCo Coverage Report,com.fasterxml.jackson.databind.ext,CoreXMLDeserializers.Std,81,0,12,0,24,0,11,0,4,0
JaCoCo Coverage Report,com.fasterxml.jackson.databind.ext,CoreXMLSerializers,24,0,6,0,7,0,5,0,2,0
JaCoCo Coverage Report,com.fasterxml.jackson.databind.ext,Java7SupportImpl,84,0,14,0,29,0,14,0,7,0
JaCoCo Coverage Report,com.fasterxml.jackson.databind.ext,DOMDeserializer.DocumentDeserializer,8,0,0,0,2,0,2,0,2,0
JaCoCo Coverage Report,com.fasterxml.jackson.databind.ext,CoreXMLDeserializers,45,0,6,0,14,0,6,0,3,0
JaCoCo Coverage Report,com.fasterxml.jackson.databind.ext,OptionalHandlerFactory,191,0,38,0,58,0,25,0,6,0
JaCoCo Coverage Report,com.fasterxml.jackson.databind.ext,DOMDeserializer,52,0,0,0,14,0,4,0,4,0
JaCoCo Coverage Report,com.fasterxml.jackson.databind.ext,NioPathDeserializer,43,0,4,0,10,0,4,0,2,0
JaCoCo Coverage Report,com.fasterxml.jackson.databind.ext,CoreXMLSerializers.XMLGregorianCalendarSerializer,76,0,4,0,19,0,12,0,10,0
JaCoCo Coverage Report,com.fasterxml.jackson.databind.ext,Java7Support,24,0,0,0,11,0,3,0,3,0
JaCoCo Coverage Report,com.fasterxml.jackson.databind.ext,DOMDeserializer.NodeDeserializer,8,0,0,0,2,0,2,0,2,0
JaCoCo Coverage Report,com.fasterxml.jackson.databind.deser,BeanDeserializerModifier,25,0,0,0,12,0,12,0,12,0
JaCoCo Coverage Report,com.fasterxml.jackson.databind.deser,DeserializationProblemHandler,24,0,0,0,10,0,10,0,10,0
JaCoCo Coverage Report,com.fasterxml.jackson.databind.deser,DataFormatReaders,301,0,26,0,58,0,27,0,14,0
JaCoCo Coverage Report,com.fasterxml.jackson.databind.deser,BeanDeserializerFactory,1591,0,212,0,362,0,128,0,22,0
JaCoCo Coverage Report,com.fasterxml.jackson.databind.deser,ValueInstantiator,167,77,18,14,27,25,26,22,12,20
JaCoCo Coverage Report,com.fasterxml.jackson.databind.deser,BeanDeserializer.BeanReferring,44,0,2,0,11,0,4,0,3,0
JaCoCo Coverage Report,com.fasterxml.jackson.databind.deser,DefaultDeserializationContext,378,0,66,0,95,0,44,0,11,0
JaCoCo Coverage Report,com.fasterxml.jackson.databind.deser,BeanDeserializerBase,2551,0,379,0,606,0,249,0,59,0
JaCoCo Coverage Report,com.fasterxml.jackson.databind.deser,BuilderBasedDeserializer,1251,0,162,0,305,0,110,0,26,0
JaCoCo Coverage Report,com.fasterxml.jackson.databind.deser,BeanDeserializer,1748,0,237,0,448,0,152,0,30,0
JaCoCo Coverage Report,com.fasterxml.jackson.databind.deser,AbstractDeserializer,402,0,72,0,88,0,51,0,13,0
JaCoCo Coverage Report,com.fasterxml.jackson.databind.deser,UnresolvedId,47,0,2,0,10,0,6,0,5,0
JaCoCo Coverage Report,com.fasterxml.jackson.databind.deser,Deserializers.Base,25,0,0,0,10,0,10,0,10,0
JaCoCo Coverage Report,com.fasterxml.jackson.databind.deser,CreatorProperty,230,0,12,0,52,0,24,0,18,0
JaCoCo Coverage Report,com.fasterxml.jackson.databind.deser,SettableBeanProperty,579,0,48,0,139,0,63,0,39,0
JaCoCo Coverage Report,com.fasterxml.jackson.databind.deser,BasicDeserializerFactory,3346,0,606,0,792,0,362,0,59,0
JaCoCo Coverage Report,com.fasterxml.jackson.databind.deser,UnresolvedForwardReference,102,0,6,0,30,0,12,0,9,0
JaCoCo Coverage Report,com.fasterxml.jackson.databind.deser,ValueInstantiators.Base,5,0,0,0,2,0,2,0,2,0
JaCoCo Coverage Report,com.fasterxml.jackson.databind.deser,DataFormatReaders.Match,96,0,10,0,21,0,12,0,7,0
JaCoCo Coverage Report,com.fasterxml.jackson.databind.deser,DefaultDeserializationContext.Impl,47,0,2,0,12,0,8,0,7,0
JaCoCo Coverage Report,com.fasterxml.jackson.databind.deser,DeserializerFactory,7,0,0,0,2,0,2,0,2,0
JaCoCo Coverage Report,com.fasterxml.jackson.databind.deser,SettableAnyProperty.AnySetterReferring,42,0,2,0,9,0,3,0,2,0
JaCoCo Coverage Report,com.fasterxml.jackson.databind.deser,DeserializerCache,663,0,122,0,162,0,81,0,20,0
JaCoCo Coverage Report,com.fasterxml.jackson.databind.deser,DataFormatReaders.AccessorForReader,41,0,0,0,10,0,4,0,4,0
JaCoCo Coverage Report,com.fasterxml.jackson.databind.deser,SettableAnyProperty,316,0,28,0,72,0,28,0,14,0
JaCoCo Coverage Report,com.fasterxml.jackson.databind.deser,ValueInstantiator.Base,5,15,0,0,2,6,0,4,0,4
JaCoCo Coverage Report,com.fasterxml.jackson.databind.deser,BeanDeserializerBuilder,559,0,64,0,125,0,61,0,29,0
JaCoCo Coverage Report,com.fasterxml.jackson.databind.cfg,ContextAttributes.Impl,162,21,26,0,43,7,21,3,8,3
JaCoCo Coverage Report,com.fasterxml.jackson.databind.cfg,MapperConfigBase,392,121,28,0,106,37,40,5,26,5
JaCoCo Coverage Report,com.fasterxml.jackson.databind.cfg,DeserializerFactoryConfig,268,0,30,0,46,0,33,0,18,0
JaCoCo Coverage Report,com.fasterxml.jackson.databind.cfg,ContextAttributes,0,5,0,0,0,2,0,2,0,2
JaCoCo Coverage Report,com.fasterxml.jackson.databind.cfg,PackageVersion,11,0,0,0,3,0,3,0,3,0
JaCoCo Coverage Report,com.fasterxml.jackson.databind.cfg,MutableConfigOverride,32,0,0,0,12,0,7,0,7,0
JaCoCo Coverage Report,com.fasterxml.jackson.databind.cfg,MapperConfig,168,61,12,4,41,16,31,7,25,5
JaCoCo Coverage Report,com.fasterxml.jackson.databind.cfg,ConfigOverrides,79,12,10,0,18,6,9,2,4,2
JaCoCo Coverage Report,com.fasterxml.jackson.databind.cfg,ConfigOverride,34,0,0,0,11,0,6,0,6,0
JaCoCo Coverage Report,com.fasterxml.jackson.databind.cfg,BaseSettings,466,43,34,0,59,16,43,3,26,3
JaCoCo Coverage Report,com.fasterxml.jackson.databind.cfg,HandlerInstantiator,15,0,0,0,7,0,7,0,7,0
JaCoCo Coverage Report,com.fasterxml.jackson.databind.cfg,SerializerFactoryConfig,145,0,18,0,29,0,21,0,12,0
JaCoCo Coverage Report,com.fasterxml.jackson.databind.jsonFormatVisitors,JsonValueFormatVisitor.Base,5,0,0,0,3,0,3,0,3,0
JaCoCo Coverage Report,com.fasterxml.jackson.databind.jsonFormatVisitors,JsonIntegerFormatVisitor.Base,4,0,0,0,2,0,2,0,2,0
JaCoCo Coverage Report,com.fasterxml.jackson.databind.jsonFormatVisitors,JsonNullFormatVisitor.Base,3,0,0,0,1,0,1,0,1,0
JaCoCo Coverage Report,com.fasterxml.jackson.databind.jsonFormatVisitors,JsonAnyFormatVisitor.Base,3,0,0,0,1,0,1,0,1,0
JaCoCo Coverage Report,com.fasterxml.jackson.databind.jsonFormatVisitors,JsonNumberFormatVisitor.Base,4,0,0,0,2,0,2,0,2,0
JaCoCo Coverage Report,com.fasterxml.jackson.databind.jsonFormatVisitors,JsonStringFormatVisitor.Base,3,0,0,0,1,0,1,0,1,0
JaCoCo Coverage Report,com.fasterxml.jackson.databind.jsonFormatVisitors,JsonArrayFormatVisitor.Base,18,0,0,0,6,0,6,0,6,0
JaCoCo Coverage Report,com.fasterxml.jackson.databind.jsonFormatVisitors,JsonMapFormatVisitor.Base,18,0,0,0,6,0,6,0,6,0
JaCoCo Coverage Report,com.fasterxml.jackson.databind.jsonFormatVisitors,JsonObjectFormatVisitor.Base,20,0,0,0,8,0,8,0,8,0
JaCoCo Coverage Report,com.fasterxml.jackson.databind.jsonFormatVisitors,JsonFormatTypes,120,0,2,0,15,0,4,0,3,0
JaCoCo Coverage Report,com.fasterxml.jackson.databind.jsonFormatVisitors,JsonValueFormat,158,0,0,0,18,0,3,0,3,0
JaCoCo Coverage Report,com.fasterxml.jackson.databind.jsonFormatVisitors,JsonBooleanFormatVisitor.Base,3,0,0,0,1,0,1,0,1,0
JaCoCo Coverage Report,com.fasterxml.jackson.databind.jsonFormatVisitors,JsonFormatVisitorWrapper.Base,34,0,0,0,16,0,13,0,13,0
